22
23
23
24
25
26
27
27
28
29
30
31
32
33
34
35
36
37
39
40
41
42
44
45
47
48
50
51
53
54
56
58
60
62
64
66
68
70
72
74
77
79
82
84
87
90
93
95
99
102
105
108
112
115
119
123
126
130
135
139
143
148
152
157
162
167
173
178
184
190
196
202
208
215
222
229
236
243
251
259
267
275
284
293
302
312
322
332
342
353
364
375
387
399
412
425
438
452
466
481
496
511
527
544
561
578
596
615
634
654
674
695
717
739
762
786
810
835
861
888
915
943
973
1003
1033
1065
1098
1132
1166
1202
1239
1277
1316
1356
1397
1439
1483
1528
1574
1622
1670
1721
1772
1826
1880
1936
1994
2053
2114
2177
2241
2307
2375
2445
2517
2590
2665
2743
2822
2904
2987
3073
3160
3250
3343
3437
3534
3633
3735
3839
3945
4054
4165
4279
4396
4515
4636
4761
4888
5017
5149
5284
5422
5562
5705
5850
5998
6149
6303
6459
6618
6779
6943
7109
7277
7449
7622
7798
7975
8155
8337
8521
8707
8894
9083
9274
9466
9659
9854
10049
10245
10441
10638
10836
11033
11231
11428
11624
11820
12015
12208
12401
12591
12780
12967
13151
13332
13511
13686
13859
14027
14192
14352
14508
14659
14806
14947
15083
15213
15338
15456
15568
15673
15772
15864
15949
16027
16097
16160
16216
16263
16303
16335
16359
16375
16383
16383
16375
16359
16335
16303
16263
16216
16160
16097
16027
15949
15864
15772
15673
15568
15456
15338
15213
15083
14947
14806
14659
14508
14352
14192
14027
13859
13686
13511
13332
13151
12967
12780
12591
12401
12208
12015
11820
11624
11428
11231
11033
10836
10638
10441
10245
10049
9854
9659
9466
9274
9083
8894
8707
8521
8337
8155
7975
7798
7622
7449
7277
7109
6943
6779
6618
6459
6303
6149
5998
5850
5705
5562
5422
5284
5149
5017
4888
4761
4636
4515
4396
4279
4165
4054
3945
3839
3735
3633
3534
3437
3343
3250
3160
3073
2987
2904
2822
2743
2665
2590
2517
2445
2375
2307
2241
2177
2114
2053
1994
1936
1880
1826
1772
1721
1670
1622
1574
1528
1483
1439
1397
1356
1316
1277
1239
1202
1166
1132
1098
1065
1033
1003
973
943
915
888
861
835
810
786
762
739
717
695
674
654
634
615
596
578
561
544
527
511
496
481
466
452
438
425
412
399
387
375
364
353
342
332
322
312
302
293
284
275
267
259
251
243
236
229
222
215
208
202
196
190
184
178
173
167
162
157
152
148
143
139
135
130
126
123
119
115
112
108
105
102
99
95
93
90
87
84
82
79
77
74
72
70
68
66
64
62
60
58
56
54
53
51
50
48
47
45
44
42
41
40
39
37
36
35
34
33
32
31
30
29
28
27
27
26
25
24
23
23
22
