22
23
23
24
25
26
27
27
28
29
30
31
32
33
34
35
36
37
39
40
41
42
44
45
47
48
50
51
53
54
56
58
60
62
64
66
68
70
72
74
77
79
82
84
87
90
93
96
99
102
105
108
112
115
119
123
127
131
135
139
144
148
153
158
163
168
173
179
184
190
196
202
209
215
222
229
237
244
252
260
268
277
285
294
304
313
323
333
344
355
366
378
390
402
415
428
441
455
469
484
500
515
532
548
566
584
602
621
640
661
681
703
725
748
771
795
820
846
873
900
928
957
987
1018
1050
1083
1117
1152
1188
1225
1263
1303
1343
1385
1428
1472
1518
1565
1614
1664
1715
1768
1823
1879
1937
1997
2059
2122
2187
2255
2324
2395
2468
2544
2621
2701
2784
2868
2955
3045
3137
3232
3330
3430
3533
3639
3748
3861
3976
4095
4216
4342
4470
4603
4738
4878
5021
5168
5319
5474
5633
5797
5964
6136
6313
6494
6679
6869
7064
7264
7469
7678
7893
8113
8338
8569
8805
9046
9293
9546
9804
10068
10338
10613
10895
11182
11475
11775
12080
12392
12710
13033
13363
13700
14042
14391
14745
15106
15473
15846
16226
16611
17002
17399
17802
18211
18626
19046
19472
19903
20340
20782
21228
21680
22137
22598
23064
23534
24009
24487
24969
25455
25944
26436
26931
27429
27930
28433
28938
29445
29953
30463
30974
31486
31999
32512
33024
33537
34050
34562
35073
35583
36091
36598
37103
37606
38107
38605
39100
39592
40081
40567
41049
41527
42002
42472
42938
43399
43856
44308
44754
45196
45633
46064
46490
46910
47325
47734
48137
48534
48925
49310
49690
50063
50430
50791
51145
51494
51836
52173
52503
52826
53144
53456
53761
54061
54354
54641
54923
55198
55468
55732
55990
56243
56490
56731
56967
57198
57423
57643
57858
58067
58272
58472
58667
58857
59042
59223
59400
59572
59739
59903
60062
60217
60368
60515
60658
60798
60933
61066
61194
61320
61441
61560
61675
61788
61897
62003
62106
62206
62304
62399
62491
62581
62668
62752
62835
62915
62992
63068
63141
63212
63281
63349
63414
63477
63539
63599
63657
63713
63768
63821
63872
63922
63971
64018
64064
64108
64151
64193
64233
64273
64311
64348
64384
64419
64453
64486
64518
64549
64579
64608
64636
64663
64690
64716
64741
64765
64788
64811
64833
64855
64875
64896
64915
64934
64952
64970
64988
65004
65021
65036
65052
65067
65081
65095
65108
65121
65134
65146
65158
65170
65181
65192
65203
65213
65223
65232
65242
65251
65259
65268
65276
65284
65292
65299
65307
65314
65321
65327
65334
65340
65346
65352
65357
65363
65368
65373
65378
65383
65388
65392
65397
65401
65405
65409
65413
65417
65421
65424
65428
65431
65434
65437
65440
65443
65446
65449
65452
65454
65457
65459
65462
65464
65466
65468
65470
65472
65474
65476
65478
65480
65482
65483
65485
65486
65488
65489
65491
65492
65494
65495
65496
65497
65499
65500
65501
65502
65503
65504
65505
65506
65507
65508
65509
65509
65510
65511
65512
65513
65513
65514
